star, 422
